B		R		V	
Time	Observed	Time	Observed	Time	Observed
58204.68883	393.097271	58204.68883	395.904696	58204.68883	397.277222
58204.68899	117.002286	58204.68899	117.836006	58204.68899	118.281687
58204.68917	52.236795	58204.68917	52.733531	58204.68917	52.842749
58204.68934	31.361978	58204.68934	31.602596	58204.68934	31.709164
58204.68955	358.515274	58204.68955	356.899242	58204.68955	362.718856
58204.68972	115.325482	58204.68972	116.496042	58204.68972	116.809623
58204.6899	50.295803	58204.6899	50.731282	58204.6899	50.849156
58204.69007	32.28969	58204.69007	32.613782	58204.69007	32.760334
58204.69028	376.330175	58204.69028	379.085817	58204.69028	380.391141
58204.69045	114.27314	58204.69045	115.184345	58204.69045	115.54233
58204.69063	53.55126	58204.69063	53.98983	58204.69063	54.156793
58204.69079	33.57684	58204.69079	33.84522	58204.69079	33.925099
58204.691	396.717675	58204.691	400.010542	58204.691	400.962429
58204.69117	104.978185	58204.69117	105.91242	58204.69117	106.189397
58204.69134	50.531628	58204.69134	50.989332	58204.69134	51.180481
58204.69152	29.73401	58204.69152	29.932174	58204.69152	30.032988
58204.69173	383.138296	58204.69173	388.018906	58204.69173	387.445177
58204.6919	104.415643	58204.6919	105.367235	58204.6919	105.643615
58204.69208	48.711606	58204.69208	49.109326	58204.69208	49.378936
58204.69225	31.582825	58204.69225	31.887548	58204.69225	32.000737
58204.69245	372.402115	58204.69245	377.639377	58204.69245	376.689328
58204.69262	103.160347	58204.69262	104.086019	58204.69262	104.360467
58204.69279	46.570795	58204.69279	46.995422	58204.69279	47.170724
58204.69296	30.373423	58204.69296	30.663201	58204.69296	30.725232
58204.69318	350.522752	58204.69318	354.336969	58204.69318	354.827171
58204.69335	102.542914	58204.69335	104.096228	58204.69335	103.732906
58204.69352	48.30193	58204.69352	48.748001	58204.69352	48.841953
58204.6937	31.396241	58204.6937	31.722472	58204.6937	31.789117
58204.6939	350.45278	58204.6939	352.718896	58204.6939	353.060938
58204.69407	102.38023	58204.69407	103.725955	58204.69407	103.525293
58204.69424	46.883535	58204.69424	47.469112	58204.69424	47.423013
58204.69441	32.03064	58204.69441	32.475009	58204.69441	32.490633
58204.69462	354.066742	58204.69462	350.588033	58204.69462	351.408605
58204.69479	95.63945	58204.69479	96.142438	58204.69479	96.559101
58204.69496	46.492884	58204.69496	47.001059	58204.69496	47.030173
58204.69513	27.241392	58204.69513	27.506633	58204.69513	27.565895
58204.69534	391.794124	58204.69534	393.850455	58204.69534	396.349395
58204.69551	100.755062	58204.69551	101.642123	58204.69551	101.929462
58204.69568	47.244434	58204.69568	47.676635	58204.69568	47.815148
58204.69586	28.705922	58204.69586	28.965296	58204.69586	29.045272
58204.69607	326.08939	58204.69607	330.172411	58204.69607	330.073332
58204.69624	97.898663	58204.69624	98.837762	58204.69624	99.152269
58204.69641	47.207428	58204.69641	47.631854	58204.69641	47.777932
58204.69659	30.50037	58204.69659	30.774754	58204.69659	30.86945
58204.6968	318.238813	58204.6968	321.056069	58204.6968	321.981166
58204.69697	96.35308	58204.69697	97.209832	58204.69697	97.522033
58204.69714	46.62323	58204.69714	46.923042	58204.69714	47.150702
58204.69732	31.258874	58204.69732	31.538729	58204.69732	31.629561
58204.69753	359.278643	58204.69753	361.127612	58204.69753	363.620852
58204.6977	96.017831	58204.6977	96.711502	58204.6977	97.018285
58204.69787	45.863905	58204.69787	46.246368	58204.69787	46.398365
58204.69805	28.922992	58204.69805	29.176214	58204.69805	29.265365
58204.69825	315.58392	58204.69825	318.511641	58204.69825	319.116017
58204.69843	101.847825	58204.69843	102.357611	58204.69843	102.716804
58204.6986	48.138362	58204.6986	48.551961	58204.6986	48.867287
58204.69878	28.818955	58204.69878	29.10455	58204.69878	29.191836
58204.69898	320.04919	58204.69898	322.772218	58204.69898	324.324386
58204.69916	99.597669	58204.69916	99.892789	58204.69916	100.213546
58204.69933	45.067308	58204.69933	45.445505	58204.69933	45.599898
58204.69951	30.592889	58204.69951	30.841545	58204.69951	31.0357
58204.69972	360.063171	58204.69972	357.188681	58204.69972	364.397366
58204.69989	110.189279	58204.69989	111.221845	58204.69989	111.708478
58204.70005	47.103583	58204.70005	47.518372	58204.70005	47.701289
58204.70022	32.487376	58204.70022	32.764616	58204.70022	32.866676
58204.70043	353.395741	58204.70043	356.860051	58204.70043	366.826242
58204.7006	105.613377	58204.7006	106.49315	58204.7006	106.845871
58204.70076	49.312852	58204.70076	49.700014	58204.70076	49.869448
58204.70093	32.361891	58204.70093	32.646305	58204.70093	32.752285
58204.70114	363.96238	58204.70114	366.998619	58204.70114	368.111616
58204.70131	111.69279	58204.70131	112.622196	58204.70131	112.989621
58204.70147	47.821778	58204.70147	48.132917	58204.70147	48.295606
58204.70165	31.934775	58204.70165	32.314998	58204.70165	32.320028
58204.70186	341.599747	58204.70186	346.339692	58204.70186	340.894738
58204.70203	112.776517	58204.70203	113.462408	58204.70203	113.800081
58204.7022	54.244484	58204.7022	54.7989	58204.7022	54.833338
58204.70237	31.520554	58204.70237	31.738574	58204.70237	31.82982
58204.70258	384.503682	58204.70258	388.019506	58204.70258	389.181085
58204.70276	107.507036	58204.70276	109.073443	58204.70276	109.395476
58204.70293	49.727395	58204.70293	50.110515	58204.70293	50.260696
58204.7031	31.019072	58204.7031	31.289589	58204.7031	31.343489
58204.70331	363.196128	58204.70331	366.179168	58204.70331	367.02383
58204.70349	106.696242	58204.70349	107.354519	58204.70349	107.645547
58204.70366	51.542161	58204.70366	51.917994	58204.70366	52.084963
58204.70384	32.654831	58204.70384	32.849338	58204.70384	32.955334
58204.70404	372.880779	58204.70404	377.120489	58204.70404	380.559742
58204.7042	116.102456	58204.7042	116.89499	58204.7042	117.258222
58204.70438	54.632884	58204.70438	55.000238	58204.70438	55.140066
58204.70455	33.919163	58204.70455	34.143318	58204.70455	34.25113
58204.70476	382.651044	58204.70476	385.722525	58204.70476	386.811303
58204.70493	109.237205	58204.70493	110.122899	58204.70493	110.447536
58204.70511	49.26743	58204.70511	49.614189	58204.70511	49.777861
58204.70528	33.406108	58204.70528	33.652772	58204.70528	33.795109
58204.70549	374.288892	58204.70549	377.301179	58204.70549	378.308815
58204.70566	110.410291	58204.70566	110.428534	58204.70566	110.816457
58204.70582	52.260218	58204.70582	52.693555	58204.70582	52.87812
58204.706	30.696402	58204.706	30.897412	58204.706	31.009535
58204.70621	379.989933	58204.70621	382.143615	58204.70621	387.307626
58204.70638	112.23786	58204.70638	113.570202	58204.70638	113.888941
58204.70655	51.506583	58204.70655	51.852828	58204.70655	52.045445
58204.70672	30.415982	58204.70672	30.535527	58204.70672	30.64318
58204.70692	380.237597	58204.70692	388.092203	58204.70692	380.098759
58204.7071	105.10182	58204.7071	105.898398	58204.7071	106.180806
58204.70727	51.956246	58204.70727	52.483163	58204.70727	52.614958
58204.70744	33.551701	58204.70744	33.861248	58204.70744	33.898833
58204.70765	360.855637	58204.70765	363.29878	58204.70765	365.696498
58204.70783	115.349647	58204.70783	116.02825	58204.70783	116.583072
58204.708	51.667203	58204.708	51.95623	58204.708	52.223198
58204.70817	31.331533	58204.70817	31.512543	58204.70817	31.666473
58204.70837	384.049095	58204.70837	386.677683	58204.70837	388.21751
58204.70854	110.235217	58204.70854	111.486744	58204.70854	111.382426
58204.70872	55.257709	58204.70872	55.70896	58204.70872	55.877966
58204.70889	34.157275	58204.70889	34.359804	58204.70889	34.521737
58204.7091	393.538026	58204.7091	395.600974	58204.7091	399.376389
58204.70927	115.613756	58204.70927	116.296305	58204.70927	116.790816
58204.70943	51.655523	58204.70943	51.978146	58204.70943	52.192472
58204.70961	33.439842	58204.70961	33.652644	58204.70961	33.793752
58204.70982	396.896538	58204.70982	404.29581	58204.70982	405.855075
58204.70999	117.525113	58204.70999	118.250722	58204.70999	118.780909
58204.71016	55.127349	58204.71016	55.512261	58204.71016	55.731618
58204.71034	35.292561	58204.71034	35.499794	58204.71034	35.691776
58204.71055	413.584509	58204.71055	416.407868	58204.71055	418.158736
58204.71072	117.805102	58204.71072	118.450012	58204.71072	118.781728
58204.71089	57.374147	58204.71089	57.584057	58204.71089	57.90726
58204.71107	34.396386	58204.71107	34.593243	58204.71107	34.781628
58204.71128	464.599448	58204.71128	462.557251	58204.71128	465.23552
58204.71145	123.976523	58204.71145	124.65187	58204.71145	125.600865
58204.71162	59.302849	58204.71162	59.551859	58204.71162	60.020387
58204.7118	35.334996	58204.7118	35.524728	58204.7118	35.739104
58204.71201	461.977461	58204.71201	462.62447	58204.71201	467.139754
58204.71218	123.734634	58204.71218	124.748742	58204.71218	125.379569
58204.71235	57.919503	58204.71235	58.170004	58204.71235	58.49262
58204.71251	34.819315	58204.71251	34.999244	58204.71251	35.226046
58204.71272	451.885947	58204.71272	455.038823	58204.71272	456.944628
58204.7129	119.181528	58204.7129	119.916748	58204.7129	120.530998
58204.71307	54.884697	58204.71307	55.291868	58204.71307	55.562498
58204.71324	36.289367	58204.71324	36.446859	58204.71324	36.697652
58204.71345	403.077859	58204.71345	402.801094	58204.71345	405.44634
58204.71361	120.380351	58204.71361	121.189252	58204.71361	121.716162
58204.71379	53.353872	58204.71379	53.62944	58204.71379	53.953781
58204.71396	35.88915	58204.71396	36.095139	58204.71396	36.372102
58204.71417	453.117683	58204.71417	455.956092	58204.71417	458.410215
58204.71434	116.05989	58204.71434	116.790796	58204.71434	117.540136
58204.71452	56.602213	58204.71452	56.923915	58204.71452	57.287698
58204.71469	35.786334	58204.71469	36.000202	58204.71469	36.224426
58204.7149	399.709661	58204.7149	403.745539	58204.7149	406.068422
58204.71507	123.111888	58204.71507	124.243998	58204.71507	124.941123
58204.71525	52.776216	58204.71525	53.041103	58204.71525	53.357874
58204.71542	32.349629	58204.71542	32.545121	58204.71542	32.736301
58204.71563	416.009634	58204.71563	419.136563	58204.71563	421.639814
58204.7158	116.468829	58204.7158	116.858565	58204.7158	117.896764
58204.71597	54.107848	58204.71597	54.281535	58204.71597	54.519446
58204.71614	34.648036	58204.71614	34.714263	58204.71614	34.960447
58204.71635	421.328246	58204.71635	423.720128	58204.71635	426.399302
58204.71652	120.826294	58204.71652	121.485944	58204.71652	122.43033
58204.71669	58.478446	58204.71669	58.743202	58204.71669	59.347725
58204.71687	36.049468	58204.71687	36.356141	58204.71687	36.613709
58204.71708	403.637082	58204.71708	400.661945	58204.71708	403.2703
58204.71725	124.65298	58204.71725	124.509158	58204.71725	126.191212
58204.71742	55.55276	58204.71742	55.609745	58204.71742	56.068119
58204.7176	34.082917	58204.7176	34.256617	58204.7176	34.616132
58204.7178	428.066194	58204.7178	431.997693	58204.7178	437.32108
58204.71798	125.351274	58204.71798	126.266182	58204.71798	127.105789
58204.71815	55.293729	58204.71815	55.470322	58204.71815	55.921942
58204.71832	37.864141	58204.71832	38.045683	58204.71832	38.387699
58204.71853	448.608156	58204.71853	446.927186	58204.71853	450.128677
58204.71871	117.007187	58204.71871	116.943521	58204.71871	118.340564
58204.71888	59.498464	58204.71888	59.784394	58204.71888	60.221712
58204.71905	35.398676	58204.71905	35.621091	58204.71905	35.897047
58204.71926	485.309253	58204.71926	486.282865	58204.71926	489.735452
58204.71944	116.764752	58204.71944	116.994015	58204.71944	118.057604
58204.71961	57.518527	58204.71961	57.751232	58204.71961	58.185319
58204.71978	37.740169	58204.71978	37.915138	58204.71978	38.111603
58204.71999	429.838958	58204.71999	431.920968	58204.71999	434.297824
58204.72016	122.057274	58204.72016	122.516464	58204.72016	123.460962
58204.72033	54.498297	58204.72033	54.741141	58204.72033	55.111749
58204.7205	36.498376	58204.7205	36.637593	58204.7205	37.017348
58204.72071	436.221943	58204.72071	445.49383	58204.72071	448.606049
58204.72088	125.220745	58204.72088	125.764876	58204.72088	126.740054
58204.72105	57.764397	58204.72105	57.968592	58204.72105	58.271127
58204.72123	34.124547	58204.72123	34.290331	58204.72123	34.560937
