B		R		V	
Time	Observed	Time	Observed	Time	Observed
58441.63256	1518.840394	58441.63279	474.85834	58441.63267	698.150624
58441.63294	1577.13255	58441.63317	478.500971	58441.63305	655.785991
58441.63332	1476.480808	58441.63355	507.174988	58441.63344	743.95448
58441.6337	1541.050582	58441.63393	487.452688	58441.63382	717.645343
58441.63409	1544.169983	58441.63432	464.802915	58441.6342	708.14725
58441.63447	1540.345301	58441.6347	528.789062	58441.63458	773.230905
58441.63485	1585.245614	58441.63508	500.808295	58441.63497	713.396444
58441.63523	1597.31365	58441.63546	538.442989	58441.63535	720.740426
58441.63561	1406.234768	58441.63584	508.710222	58441.63573	709.81291
58441.63599	1598.35953	58441.63622	533.115995	58441.6361	746.465734
58441.63636	1510.340854	58441.6366	518.206735	58441.63648	762.017716
58441.63675	1472.968884	58441.63698	531.512497	58441.63686	773.840669
58441.63713	1596.443841	58441.63736	533.168542	58441.63724	777.132393
58441.63751	1572.847556	58441.63774	520.607503	58441.63763	721.606441
58441.63789	1542.132621	58441.63812	499.88417	58441.63801	779.570228
58441.63828	1426.741139	58441.63851	532.220857	58441.63839	780.600443
58441.63866	1509.882051	58441.63889	511.936962	58441.63877	812.196144
58441.63904	1465.221429	58441.63927	560.204395	58441.63916	883.76494
58441.63942	1518.995588	58441.63965	524.951195	58441.63954	915.395197
58441.6398	1553.612062	58441.64003	514.767178	58441.63992	754.245836
58441.64018	1537.199821	58441.64042	512.34622	58441.6403	698.974751
58441.64057	1590.295495	58441.6408	546.95617	58441.64068	776.685919
58441.64095	1430.120971	58441.64118	457.370207	58441.64106	671.742949
58441.64133	1336.45653	58441.64156	509.317968	58441.64144	639.498128
58441.64171	1732.585854	58441.64195	606.75806	58441.64183	815.310516
58441.64209	1487.799768	58441.64232	560.541369	58441.64221	790.176242
58441.64248	1404.248655	58441.64271	551.084875	58441.64259	821.138913
58441.64286	1791.517669	58441.64309	467.349581	58441.64298	841.482176
58441.64324	1346.424904	58441.64347	486.599721	58441.64336	687.088719
58441.64362	1434.568823	58441.64385	504.826045	58441.64374	728.981132
58441.644	1337.366705	58441.64423	492.907858	58441.64412	747.522039
58441.64439	1430.223886	58441.64462	514.452292	58441.6445	821.14443
58441.64477	1720.261916	58441.645	567.435611	58441.64488	831.868033
58441.64515	1591.409633	58441.64538	509.626347	58441.64527	781.336026
58441.64553	1555.448052	58441.64576	482.039123	58441.64565	721.580296
58441.64591	1700.74543	58441.64615	529.297141	58441.64603	769.301907
58441.6463	1510.549188	58441.64652	490.314178	58441.64641	713.253138
58441.64668	1365.971383	58441.64691	476.667612	58441.64679	811.960871
58441.64706	1688.688984	58441.64729	458.762535	58441.64718	741.090499
58441.64744	1450.217302	58441.64767	476.998276	58441.64755	727.570092
58441.64782	1520.959587	58441.64806	490.70982	58441.64794	695.397406
58441.6482	1444.929377	58441.64844	451.548798	58441.64832	669.743335
58441.64859	1414.722661	58441.64882	460.374152	58441.6487	787.431754
58441.64897	1341.642436	58441.6492	532.826168	58441.64908	825.195184
58441.64935	1306.011582	58441.64958	479.008658	58441.64947	725.720259
58441.64973	1348.099769	58441.64996	502.484551	58441.64985	720.555887
58441.65012	1553.059384	58441.65035	516.310255	58441.65023	785.026124
58441.6505	1618.38781	58441.65073	512.710183	58441.65061	747.466537
58441.65088	1369.380236	58441.65111	510.975556	58441.65099	670.978649
58441.65126	1302.59793	58441.65149	529.821108	58441.65138	680.127429
58441.65164	1429.254831	58441.65187	512.550297	58441.65176	660.885117
58441.65203	1513.401751	58441.65226	547.166236	58441.65214	711.046577
58441.65241	1500.559111	58441.65264	543.152376	58441.65252	746.271751
58441.65279	1618.418143	58441.65302	577.396445	58441.65291	871.783152
58441.65317	1910.481324	58441.65339	614.183753	58441.65327	887.231811
58441.65354	1611.660842	58441.65377	507.053183	58441.65366	852.860427
58441.65392	1434.613736	58441.65415	493.475209	58441.65404	647.292349
58441.65431	1504.175476	58441.65454	502.173347	58441.65442	638.627737
58441.65469	1362.326498	58441.65492	457.851336	58441.6548	713.542295
58441.65507	1487.688158	58441.6553	505.122225	58441.65518	765.436885
58441.65545	1549.575155	58441.65568	606.899808	58441.65557	845.159644
58441.65583	1496.936451	58441.65605	664.151956	58441.65594	770.8182
58441.6562	1722.041509	58441.65644	563.472146	58441.65632	677.857058
58441.65658	1600.704249	58441.65682	475.438819	58441.6567	837.702071
58441.65697	1364.36589	58441.6572	510.539813	58441.65708	666.54165
58441.65735	1534.992126	58441.65758	515.925618	58441.65746	698.636267
58441.65773	1304.224417	58441.65796	502.544449	58441.65785	788.258717
58441.65811	1481.16591	58441.65834	618.002812	58441.65823	871.607296
58441.6585	1644.929955	58441.65873	581.568785	58441.65861	874.417907
58441.65888	1565.576591	58441.65911	508.005757	58441.65899	788.759857
58441.65926	1640.851122	58441.65949	430.888415	58441.65937	808.925216
58441.65964	1351.261244	58441.65987	477.373251	58441.65976	760.760616
58441.66002	1431.745552	58441.66025	518.876618	58441.66014	728.809345
58441.6604	1656.794558	58441.66064	482.500189	58441.66052	839.47314
58441.66079	1472.849817	58441.66102	497.596178	58441.6609	836.226938
58441.66117	1481.318629	58441.6614	536.834928	58441.66129	967.043411
58441.66155	1498.049141	58441.66178	552.620325	58441.66167	820.945323
58441.66193	1449.661748	58441.66217	555.215627	58441.66205	717.232325
58441.66232	1356.947104	58441.66255	577.979265	58441.66243	844.654137
58441.6627	1251.766027	58441.66293	534.859338	58441.66281	705.041459
58441.66308	1290.329626	58441.66331	546.55109	58441.66319	733.358323
58441.66346	1215.078565	58441.66369	517.933274	58441.66357	803.623644
58441.66384	1419.99963	58441.66407	572.109262	58441.66396	823.357931
58441.66422	1421.082171	58441.66446	586.28648	58441.66434	849.306284
58441.66461	1419.522812	58441.66484	522.11216	58441.66472	892.825768
58441.66499	1377.064602	58441.66522	469.644188	58441.6651	708.230061
58441.66537	1534.392692	58441.6656	565.377651	58441.66549	725.744493
58441.66575	1274.489745	58441.66598	531.99257	58441.66587	726.603827
58441.66613	1282.208257	58441.66637	516.08144	58441.66625	720.862285
58441.66652	1322.364576	58441.66675	655.765019	58441.66663	869.759924
58441.6669	1477.113043	58441.66713	566.054586	58441.66701	891.897309
58441.66728	1479.627574	58441.66751	506.538187	58441.66739	716.433872
58441.66766	1320.51497	58441.66789	518.324602	58441.66778	760.971673
58441.66804	1210.995962	58441.66827	471.183256	58441.66816	725.712909
58441.66843	1248.112307	58441.66866	491.973586	58441.66854	676.264587
58441.66881	1329.882764	58441.66904	553.492112	58441.66893	702.981254
58441.66919	1413.019904	58441.66941	552.052407	58441.66929	939.829178
58441.66955	1466.95186	58441.66978	566.784245	58441.66967	770.352406
58441.66993	1430.030062	58441.67016	540.707921	58441.67004	835.718839
58441.67031	1225.771343	58441.67055	481.603463	58441.67043	724.336094
58441.67358	1219.735381	58441.67381	503.08925	58441.67369	773.24166
58441.67396	1216.37973	58441.67419	489.115623	58441.67407	648.680519
58441.67434	1124.315278	58441.67457	478.492012	58441.67445	713.447713
58441.67472	1160.708747	58441.67495	521.708684	58441.67484	674.891902
58441.6751	1235.607648	58441.67533	524.01367	58441.67522	700.322647
58441.67549	1164.974933	58441.67572	480.404531	58441.6756	677.301125
58441.67587	1151.623784	58441.6761	478.472521	58441.67598	628.765063
58441.67625	1141.0364	58441.67648	534.921758	58441.67637	689.596688
58441.67663	1146.783655	58441.67686	476.281918	58441.67675	701.91718
58441.67701	1184.233164	58441.67725	429.853837	58441.67713	740.294735
58441.6774	1026.208119	58441.67763	447.354846	58441.67751	566.399233
58441.67778	1077.897506	58441.67801	402.291825	58441.67789	684.312221
58441.67816	1068.569481	58441.67839	455.760393	58441.67827	658.070703
58441.67854	1057.834785	58441.67877	464.854159	58441.67866	602.392607
58441.67892	1080.979318	58441.67915	443.100145	58441.67904	657.084324
58441.6793	1064.785465	58441.67954	424.990644	58441.67942	593.89873
58441.67969	1059.755008	58441.67992	408.142811	58441.6798	621.763477
58441.68007	954.518757	58441.6803	457.817508	58441.68019	581.199661
58441.68045	1203.005843	58441.68068	519.92556	58441.68057	664.987077
58441.68083	1142.08707	58441.68106	505.040491	58441.68095	649.545485
58441.68122	1125.144633	58441.68145	424.651448	58441.68133	706.202753
58441.6816	964.493408	58441.68183	414.449753	58441.68171	666.751352
58441.68198	1081.324867	58441.68221	430.481241	58441.68209	603.14246
58441.68236	1003.180584	58441.68259	422.520829	58441.68248	564.48157
58441.68274	975.023151	58441.68297	416.157011	58441.68286	555.619784
58441.68312	1030.860918	58441.68336	459.047995	58441.68324	685.366956
58441.68351	1228.867083	58441.68374	484.662084	58441.68362	616.267666
58441.68389	1106.728307	58441.68412	486.687294	58441.68401	697.035496
58441.68427	1010.325676	58441.6845	404.459186	58441.68439	562.913918
58441.68465	1006.977145	58441.68489	419.820527	58441.68477	598.245003
58441.68503	1106.172939	58441.68527	388.55463	58441.68515	627.550467
58441.68542	1088.227382	58441.68565	397.141244	58441.68553	632.666965
58441.6858	1020.771061	58441.68603	478.989623	58441.68591	670.833515
58441.68618	1117.266377	58441.68641	526.091157	58441.6863	722.179332
58441.68656	1168.854243	58441.68679	511.065529	58441.68668	694.50795
58441.68695	1160.65686	58441.68718	451.544503	58441.68706	606.665039
58441.68733	1083.189349	58441.68756	410.190923	58441.68744	654.117889
58441.68771	1109.419011	58441.68794	426.940579	58441.68782	631.517138
58441.68809	978.371429	58441.68832	411.123472	58441.68821	588.888076
58441.68847	1082.303907	58441.68869	526.860136	58441.68859	679.623023
58441.68884	1082.862378	58441.68908	510.57799	58441.68896	722.159825
58441.68922	1291.130366	58441.68945	469.184155	58441.68934	711.337224
58441.68961	1185.313495	58441.68984	472.07941	58441.68972	636.042594
58441.68999	1064.696535	58441.69022	436.011393	58441.6901	576.598779
58441.69037	1105.566453	58441.6906	465.810444	58441.69049	649.847819
58441.69075	1005.816314	58441.69098	421.2	58441.69087	580.475176
58441.69114	957.023828	58441.69137	462.008182	58441.69125	620.385131
58441.69152	958.813675	58441.69174	429.458	58441.69163	631.151141
58441.6919	1012.281154	58441.69212	475.516288	58441.692	605.730468
58441.69227	1087.575354	58441.6925	450.838447	58441.69239	666.539334
58441.69265	965.216009	58441.69288	473.862182	58441.69277	553.226111
58441.69303	1055.120485	58441.69326	429.063159	58441.69315	643.411041
58441.69342	1018.025277	58441.69365	457.831508	58441.69353	601.435363
58441.6938	1056.14587	58441.69403	425.4896	58441.69391	638.995235
58441.69418	1159.278347	58441.69441	480.379162	58441.69429	677.702088
58441.69456	991.266062	58441.69479	432.743246	58441.69468	573.059297
58441.69494	1152.829876	58441.69517	432.989618	58441.69506	613.052487
58441.69532	1044.139135	58441.69554	416.426836	58441.69543	649.076111
58441.6957	917.27598	58441.69592	417.714816	58441.69581	588.036782
58441.69608	945.711082	58441.69631	436.942314	58441.69619	558.676505
58441.69646	912.053872	58441.69669	416.986329	58441.69658	582.957103
58441.69684	916.80988	58441.69707	487.797948	58441.69696	631.199016
58441.69722	1027.27158	58441.69745	505.124807	58441.69734	688.709004
58441.6976	1136.213401	58441.69783	452.56621	58441.69772	675.523221
58441.69799	1058.758602	58441.69822	434.433337	58441.6981	601.226222
58441.69837	896.931316	58441.6986	453.842788	58441.69848	606.776752
58441.69875	1004.491282	58441.69898	460.419219	58441.69887	600.788784
58441.69913	1003.14761	58441.69936	446.351451	58441.69925	544.486382
58441.69951	962.554688	58441.69975	430.587598	58441.69963	621.305798
58441.6999	1039.124967	58441.70013	454.57869	58441.70001	626.869962
58441.70027	1069.010419	58441.7005	461.514008	58441.70038	686.901824
58441.70065	1075.64438	58441.70088	454.982137	58441.70077	644.821931
58441.70103	1021.603476	58441.70126	410.199813	58441.70115	575.93888
58441.70141	883.9046	58441.70164	489.462044	58441.70153	574.522864
58441.70179	1017.312022	58441.70202	413.389576	58441.70191	598.061353
58441.70217	963.329216	58441.70241	414.909072	58441.70229	637.314852
58441.70256	956.713861	58441.70279	502.225446	58441.70267	588.188598
58441.70294	1029.481186	58441.70317	493.149096	58441.70306	641.601239
58441.70332	989.543116	58441.70355	447.033814	58441.70344	627.553274
58441.7037	1023.966639	58441.70394	410.592285	58441.70382	585.28866
58441.70409	901.398439	58441.70432	404.227385	58441.7042	515.683869
58441.70447	917.638384	58441.7047	436.144955	58441.70458	546.053412
58441.70485	913.437642	58441.70508	404.550513	58441.70497	590.076338
58441.70523	985.286275	58441.70545	464.216365	58441.70534	663.864438
58441.7056	1031.03288	58441.70583	477.195629	58441.70572	587.110667
58441.70598	922.80379	58441.70622	396.907933	58441.7061	554.748962
58441.70636	894.424008	58441.7066	434.380766	58441.70648	584.869027
58441.70675	903.069983	58441.70698	390.196158	58441.70686	518.022415
58441.70713	976.902446	58441.70736	415.608373	58441.70725	528.841954
58441.70751	979.693731	58441.70774	402.785636	58441.70763	600.575057
58441.70789	966.104687	58441.70811	407.525301	58441.708	557.506444
58441.70827	1022.311455	58441.70849	450.665311	58441.70838	606.566677
58441.70864	964.423817	58441.70888	430.985381	58441.70876	574.795811
58441.70903	1007.155083	58441.70926	394.259513	58441.70915	592.80788
58441.70941	822.433808	58441.70964	389.228004	58441.70953	538.368373
58441.70979	852.445374	58441.71002	368.230121	58441.70991	519.829625
58441.71017	898.955053	58441.7104	372.55044	58441.71029	535.486268
58441.71055	937.690522	58441.71079	403.757582	58441.71067	566.28062
58441.71094	841.955177	58441.71117	434.036608	58441.71105	564.637942
58441.71132	982.496741	58441.71155	447.984861	58441.71144	577.385583
58441.71431	825.747195	58441.71454	378.318195	58441.71442	485.13586
58441.71469	775.552172	58441.71492	373.664985	58441.7148	506.110222
58441.71507	811.917282	58441.7153	368.920662	58441.71518	491.552121
58441.71545	724.519068	58441.71567	369.721968	58441.71555	473.797552
58441.71582	736.342945	58441.71605	390.786224	58441.71594	466.73337
58441.7162	754.593546	58441.71643	348.611817	58441.71632	477.13105
58441.71658	711.612281	58441.71682	363.692613	58441.7167	525.352767
58441.71696	669.761958	58441.71719	348.884282	58441.71707	483.826623
58441.71734	759.525121	58441.71757	367.091456	58441.71746	489.56299
58441.71772	721.133231	58441.71795	339.796413	58441.71783	469.949526
58441.7181	736.161695	58441.71833	360.208239	58441.71822	496.583917
58441.71848	730.363824	58441.71872	353.542234	58441.7186	470.28631
58441.71887	749.347985	58441.7191	369.024417	58441.71898	475.351348
58441.71925	739.101065	58441.71948	357.414869	58441.71936	489.515952
58441.71963	696.604537	58441.71986	391.952146	58441.71974	471.307918
58441.72001	720.342375	58441.72024	348.007933	58441.72013	463.441232
58441.72039	746.372692	58441.72063	385.215494	58441.72051	443.963334
58441.72077	731.46607	58441.72101	347.537762	58441.72089	482.015728
58441.72116	679.909248	58441.72139	381.45833	58441.72127	456.065977
58441.72154	637.538036	58441.72177	369.975269	58441.72166	488.759486
58441.72192	708.996933	58441.72215	384.083127	58441.72204	515.30083
58441.7223	746.985331	58441.72254	429.417859	58441.72242	515.406278
58441.72268	850.364904	58441.72292	388.982119	58441.7228	501.134628
58441.72307	716.99258	58441.7233	376.025526	58441.72318	468.591208
58441.72345	744.183673	58441.72368	368.792283	58441.72356	479.408438
58441.72383	811.144835	58441.72406	351.290259	58441.72395	525.178571
58441.72421	735.539601	58441.72444	370.921994	58441.72433	502.406385
58441.7246	812.555738	58441.72483	416.661917	58441.72471	501.856749
58441.72498	755.935388	58441.72521	427.031196	58441.72509	538.447497
58441.72536	764.58795	58441.72559	420.87867	58441.72547	494.02812
58441.72574	756.170589	58441.72597	361.249599	58441.72586	546.09223
58441.72612	671.911834	58441.72636	375.720825	58441.72624	442.911117
58441.7265	712.517714	58441.72674	377.95904	58441.72662	498.089014
58441.72688	783.705384	58441.72711	377.023226	58441.72699	528.692078
58441.72726	652.341614	58441.72749	387.065019	58441.72737	493.737877
58441.72764	813.534833	58441.72786	419.499954	58441.72774	576.050902
58441.72801	801.044293	58441.72824	411.313859	58441.72812	501.047841
58441.72839	803.773493	58441.72862	340.634137	58441.72851	436.715386
58441.72877	786.664601	58441.72899	337.661931	58441.72889	481.445532
58441.72914	685.218355	58441.72937	355.225535	58441.72926	508.785761
58441.72952	703.922419	58441.72975	392.839727	58441.72964	465.001159
58441.72991	702.965341	58441.73014	403.53489	58441.73002	457.847706
58441.73029	770.554054	58441.73052	409.175526	58441.7304	540.351773
58441.73067	706.429014	58441.7309	407.40018	58441.73079	466.325446
58441.73105	700.610089	58441.73128	360.07608	58441.73117	539.547106
58441.73144	700.188718	58441.73167	323.086911	58441.73155	457.768058
58441.73182	742.308467	58441.73205	360.616767	58441.73193	486.894325
58441.7322	705.230955	58441.73243	334.017592	58441.73232	458.337121
58441.73258	705.086127	58441.73281	371.208307	58441.7327	437.536717
58441.73296	657.12323	58441.73319	383.127283	58441.73308	469.418467
58441.73334	758.220455	58441.73358	375.037542	58441.73346	472.059751
58441.73372	652.525784	58441.73394	353.283511	58441.73383	458.926965
58441.7341	651.484574	58441.73433	344.462158	58441.73421	459.277978
58441.73448	723.594493	58441.73471	339.130095	58441.7346	478.453699
58441.73486	626.2178	58441.73509	345.734887	58441.73498	512.855044
58441.73524	629.061481	58441.73547	368.46492	58441.73536	428.651616
58441.73563	697.789166	58441.73586	332.151684	58441.73574	444.316929
58441.73601	711.097243	58441.73624	344.995895	58441.73612	418.112463
58441.73639	560.851705	58441.73662	328.596503	58441.7365	444.089834
58441.73677	706.966673	58441.737	327.138312	58441.73689	405.886588
58441.73715	658.80467	58441.73738	281.066699	58441.73727	447.842298
58441.73753	698.400113	58441.73777	346.567584	58441.73765	445.733754
58441.73792	661.243025	58441.73815	328.124637	58441.73803	479.128955
58441.7383	656.874008	58441.73853	390.949715	58441.73842	446.801789
58441.73868	681.529401	58441.73891	356.903424	58441.7388	496.519921
58441.73906	683.22468	58441.73928	336.70905	58441.73917	421.822
58441.73943	645.576458	58441.73966	357.00971	58441.73955	449.835954
58441.73982	610.078348	58441.74005	338.70688	58441.73993	383.058389
58441.7402	671.880673	58441.74043	363.268713	58441.74031	395.399927
58441.74058	695.959993	58441.74081	340.709286	58441.74069	474.471792
58441.74096	696.343916	58441.74119	377.707157	58441.74108	459.998121
58441.74134	699.033008	58441.74157	368.745616	58441.74146	496.982616
58441.74173	714.508996	58441.74195	334.24905	58441.74184	471.883008
58441.7421	602.271668	58441.74234	338.856782	58441.74222	413.088801
58441.74249	687.702128	58441.74272	325.906762	58441.74261	474.661257
58441.74287	590.629782	58441.7431	327.096783	58441.74299	472.368889
58441.74325	652.072421	58441.74349	361.345865	58441.74337	428.694053
58441.74363	714.840565	58441.74387	341.641945	58441.74375	456.209452
58441.74402	640.612832	58441.74425	316.78168	58441.74413	478.671071
58441.7444	656.608118	58441.74462	319.810268	58441.7445	411.162805
58441.74477	645.244314	58441.745	348.367073	58441.74488	491.049466
58441.74515	673.09086	58441.74538	352.857814	58441.74527	419.586444
58441.74553	809.378209	58441.74575	319.571316	58441.74565	438.671719
58441.7459	693.684532	58441.74613	351.251052	58441.74602	498.932705
58441.74628	636.142649	58441.74652	326.849517	58441.7464	459.1218
58441.74667	678.778418	58441.7469	351.7374	58441.74678	443.557661
58441.74705	641.959699	58441.74728	341.061024	58441.74716	484.448175
58441.74743	680.361264	58441.74766	337.655375	58441.74755	457.937235
58441.74781	692.515879	58441.74804	345.477055	58441.74793	404.906161
58441.7482	609.532627	58441.74843	338.28833	58441.74831	483.845645
58441.74858	652.317247	58441.74881	333.914868	58441.74869	451.82278
58441.74896	643.025106	58441.74919	353.322677	58441.74907	451.902078
58441.74934	669.327403	58441.74957	331.8649	58441.74945	468.61018
58441.74972	621.319573	58441.74994	334.088306	58441.74984	451.506464
58441.75009	646.933607	58441.75032	315.924503	58441.75021	409.388527
58441.75047	604.879071	58441.7507	274.63416	58441.75059	480.396661
58441.75085	608.340106	58441.75108	317.868052	58441.75096	390.388069
58441.75122	662.131839	58441.75146	337.167661	58441.75134	406.156704
58441.75161	694.333393	58441.75184	321.576436	58441.75172	431.134473
58441.75199	587.304032	58441.75222	292.258427	58441.7521	444.731777
58441.75384	607.478529	58441.75406	315.822233	58441.75395	422.176097
58441.75421	617.58609	58441.75445	330.849477	58441.75433	429.517132
58441.75459	640.381034	58441.75483	345.742248	58441.75471	427.870721
58441.75498	706.403122	58441.75521	348.282454	58441.75509	460.982235
58441.75536	621.523882	58441.75559	337.840915	58441.75547	461.247714
58441.75574	625.306932	58441.75597	319.180776	58441.75586	384.419896
58441.75612	550.268494	58441.75634	307.877147	58441.75623	401.989536
58441.75649	569.699115	58441.75672	321.112551	58441.75661	405.595383
58441.75688	596.18013	58441.7571	345.312044	58441.75699	413.53193
58441.75726	639.765345	58441.75749	337.534804	58441.75737	432.723477
58441.75764	641.392894	58441.75787	333.194542	58441.75776	373.441492
58441.75801	632.489653	58441.75823	336.254517	58441.75811	469.780358
58441.75838	559.472762	58441.75861	327.396766	58441.7585	374.200243
58441.75876	624.648671	58441.75899	353.604212	58441.75888	437.49444
58441.75914	625.353529	58441.75938	320.877252	58441.75926	436.04217
58441.75952	569.057516	58441.75974	302.334959	58441.75963	413.678482
58441.75989	597.988376	58441.76013	300.208164	58441.76001	387.289154
58441.76028	579.724623	58441.76051	324.176219	58441.76039	381.505076
58441.76066	540.423403	58441.76089	334.142051	58441.76077	379.528802
58441.76104	587.883102	58441.76127	342.836464	58441.76116	400.592024
58441.76142	567.823444	58441.76165	335.815635	58441.76154	396.633282
58441.76181	603.091925	58441.76204	267.120393	58441.76192	363.955159
58441.76219	541.186737	58441.76242	301.86515	58441.7623	399.340891
58441.76257	575.142259	58441.7628	292.816151	58441.76269	382.058554
58441.76295	549.270021	58441.76318	291.260413	58441.76307	384.587787
58441.76333	529.369108	58441.76357	330.639543	58441.76345	405.055233
58441.76371	587.457157	58441.76393	357.452801	58441.76382	429.211596
58441.76408	607.071629	58441.76432	351.232724	58441.7642	419.014086
58441.76447	629.443561	58441.7647	337.827184	58441.76458	393.700056
58441.76485	606.783861	58441.76508	289.549264	58441.76496	369.041311
58441.76523	575.553233	58441.76546	316.451734	58441.76535	416.468786
58441.76561	593.115885	58441.76585	317.03379	58441.76573	404.857715
58441.766	568.229107	58441.76623	355.298246	58441.76611	460.369397
58441.76638	587.739405	58441.76661	351.624345	58441.76649	396.345714
58441.76676	679.635461	58441.76699	351.170842	58441.76688	439.415286
58441.76714	581.362277	58441.76737	315.487553	58441.76726	398.976908
58441.76752	573.528376	58441.76776	286.559321	58441.76764	387.64599
58441.7679	509.647719	58441.76814	341.083292	58441.76802	373.444082
58441.76828	515.778823	58441.76851	327.663163	58441.76839	443.024924
58441.76866	598.165489	58441.76889	323.203064	58441.76877	403.733419
58441.76904	623.254677	58441.76927	345.649421	58441.76916	391.249201
58441.76942	632.79071	58441.76965	322.329976	58441.76954	428.064076
58441.7698	657.385081	58441.77003	308.628709	58441.76992	424.305399
58441.77019	576.341612	58441.77042	352.315546	58441.7703	405.993653
58441.77057	590.654655	58441.7708	352.830411	58441.77068	370.119937
58441.77095	572.800766	58441.77118	353.972455	58441.77107	392.04011
58441.77133	552.644231	58441.77156	297.833082	58441.77145	420.727921
58441.77171	551.359684	58441.77195	325.560297	58441.77183	366.035439
58441.77209	554.971631	58441.77233	299.737618	58441.77221	395.642105
58441.77248	560.848813	58441.77271	310.412278	58441.77259	365.086889
58441.77286	545.001257	58441.77309	278.845266	58441.77297	407.13807
58441.77324	601.969178	58441.77347	291.393796	58441.77336	365.616678
58441.77362	580.637651	58441.77385	313.455234	58441.77374	401.202669
58441.77401	621.08655	58441.77424	283.13431	58441.77412	383.309213
58441.77439	524.434356	58441.77462	329.390582	58441.7745	385.046705
58441.77477	607.3676	58441.775	335.132029	58441.77488	422.311685
58441.77515	589.47241	58441.77538	320.402096	58441.77527	373.787408
58441.77553	588.708973	58441.77576	302.414196	58441.77565	449.042872
58441.77591	637.742435	58441.77615	287.219107	58441.77603	375.343117
58441.7763	536.19386	58441.77653	289.147038	58441.77641	379.151623
58441.77668	502.283549	58441.77691	308.73939	58441.77679	361.22891
58441.77706	580.93391	58441.77729	298.952426	58441.77717	375.549351
58441.77744	576.012664	58441.77768	321.164294	58441.77756	408.429153
58441.77782	537.305531	58441.77805	306.003442	58441.77794	452.177772
58441.77821	558.044672	58441.77844	327.627973	58441.77832	442.368089
58441.77859	549.13	58441.77882	276.114108	58441.77871	392.900613
58441.77897	488.268293	58441.7792	289.981092	58441.77909	371.321778
58441.77935	484.755229	58441.77959	281.510757	58441.77947	333.95447
58441.77973	526.64169	58441.77996	307.506967	58441.77985	346.051523
58441.78012	542.612913	58441.78035	311.211131	58441.78023	416.398249
58441.7805	502.963921	58441.78073	325.450725	58441.78061	411.618999
58441.78088	581.810206	58441.78111	290.655417	58441.781	392.111377
58441.78126	527.656217	58441.78149	265.459728	58441.78138	356.863969
58441.78165	512.550765	58441.78188	295.925047	58441.78176	340.769631
58441.78202	542.335574	58441.78224	274.801325	58441.78213	353.734049
58441.78239	538.267046	58441.78261	302.284148	58441.7825	386.083173
58441.78277	533.765798	58441.783	325.913902	58441.78288	402.042066
58441.78315	545.419375	58441.78337	310.819112	58441.78325	381.809015
58441.78352	553.459937	58441.78375	316.078928	58441.78363	406.396896
58441.7839	508.29641	58441.78413	287.247649	58441.78402	360.687984
58441.78428	500.510441	58441.78452	299.34856	58441.7844	343.664366
58441.78467	540.246929	58441.78489	267.016415	58441.78478	377.192788
58441.78504	532.618588	58441.78527	304.82262	58441.78515	373.064956
58441.78542	498.970845	58441.78565	292.225995	58441.78553	376.129514
58441.7858	545.091601	58441.78603	275.327909	58441.78591	390.109622
58441.78618	530.875018	58441.78641	311.479183	58441.7863	351.548633
58441.78656	480.545954	58441.78679	283.979596	58441.78668	331.942469
58441.78694	479.26927	58441.78717	280.295421	58441.78706	364.453316
58441.78733	496.605997	58441.78756	278.722157	58441.78744	349.25022
58441.78771	478.490061	58441.78794	266.419983	58441.78783	314.673591
58441.78809	471.473196	58441.78832	263.202355	58441.78821	350.03741
58441.78848	488.21548	58441.78871	256.943692	58441.78859	310.905807
58441.78886	435.463187	58441.78908	273.129197	58441.78897	324.995454
58441.78924	452.34851	58441.78947	267.884214	58441.78935	309.25639
58441.78962	462.90031	58441.78985	241.496369	58441.78973	311.539557
58441.78999	382.908985	58441.79022	251.743147	58441.7901	283.150248
58441.79037	436.37495	58441.7906	252.93944	58441.79049	292.941688
58441.79075	504.178019	58441.79098	246.083787	58441.79087	293.976476
58441.79113	454.10092	58441.79136	252.07434	58441.79125	302.530052
58441.79152	446.155887	58441.79175	270.390997	58441.79163	323.0845
58441.79474	396.972267	58441.79497	249.98784	58441.79485	327.049174
58441.79511	409.482846	58441.79535	222.18338	58441.79523	284.503164
58441.7955	389.346329	58441.79572	253.362183	58441.7956	290.317561
58441.79587	401.256878	58441.7961	235.783123	58441.79598	271.595297
58441.79625	404.505619	58441.79648	249.623318	58441.79636	308.641891
58441.79663	423.60816	58441.79686	273.277878	58441.79675	287.646094
58441.79702	431.626808	58441.79724	254.417838	58441.79713	332.459876
58441.79739	403.834818	58441.79761	250.907606	58441.7975	281.544473
58441.79777	416.242269	58441.798	227.613189	58441.79788	307.640788
58441.79815	399.816607	58441.79838	248.128573	58441.79826	311.644361
58441.79853	460.935894	58441.79876	270.493823	58441.79865	320.456068
58441.79891	394.421517	58441.79914	228.294656	58441.79903	277.804575
58441.7993	375.109622	58441.79953	262.970993	58441.79941	273.725354
58441.79968	428.405523	58441.79991	219.944949	58441.79979	281.399835
58441.80006	400.560056	58441.80029	236.559795	58441.80017	286.046122
58441.80044	394.720411	58441.80067	257.283962	58441.80055	273.115219
58441.80082	396.765214	58441.80105	244.815212	58441.80094	290.367089
58441.8012	370.192651	58441.80143	243.578016	58441.80132	300.97637
58441.80158	375.950493	58441.8018	226.425852	58441.80169	266.532237
58441.80194	393.938732	58441.80218	226.62245	58441.80206	282.077054
58441.80232	393.956681	58441.80256	237.301867	58441.80244	271.936133
58441.80271	382.543751	58441.80294	238.310519	58441.80282	272.553895
58441.80309	393.332228	58441.80332	226.785626	58441.80321	286.534936
58441.80347	368.837017	58441.8037	240.243699	58441.80359	278.039297
58441.80385	379.484365	58441.80408	234.407582	58441.80397	275.962198
58441.80424	382.872964	58441.80447	224.064616	58441.80435	262.368534
58441.80462	346.88928	58441.80485	215.776682	58441.80474	260.907666
58441.805	350.02059	58441.80523	223.22155	58441.80512	271.086931
58441.80538	394.086248	58441.80561	233.569541	58441.8055	275.011486
58441.80576	381.364955	58441.80599	244.29941	58441.80588	304.921116
58441.80615	363.050084	58441.80638	202.698725	58441.80626	261.528393
58441.80653	365.677861	58441.80676	206.370054	58441.80664	249.880819
58441.80691	355.733599	58441.80714	188.843781	58441.80703	256.737649
58441.80729	344.468695	58441.80752	204.140457	58441.80741	220.073496
58441.80767	378.450666	58441.80791	207.181745	58441.80779	269.199066
58441.80806	351.693633	58441.80829	223.09878	58441.80817	269.73167
58441.80844	349.564132	58441.80867	236.994979	58441.80855	291.725501
58441.80882	366.370966	58441.80905	205.402446	58441.80893	248.545193
58441.8092	365.451773	58441.80943	200.836163	58441.80932	248.971121
58441.80958	345.836565	58441.80981	204.492964	58441.8097	254.313138
58441.80996	329.625868	58441.81018	219.24709	58441.81007	252.929992
58441.81032	366.93308	58441.81056	238.332067	58441.81044	271.656398
58441.81071	371.955886	58441.81094	214.544386	58441.81082	277.778742
58441.81109	322.413113	58441.81132	227.253734	58441.81121	267.638535
58441.81147	357.857917	58441.8117	205.020045	58441.81158	239.574361
58441.81185	313.289528	58441.81208	205.175359	58441.81197	251.132393
58441.81224	309.199481	58441.81246	205.885859	58441.81235	247.51372
58441.81262	329.29514	58441.81285	208.589595	58441.81273	242.779201
58441.813	357.908667	58441.81322	232.835719	58441.8131	254.457974
58441.81337	390.338939	58441.8136	220.081482	58441.81348	258.423729
58441.81375	313.70957	58441.81398	210.606471	58441.81387	268.580998
58441.81413	334.803794	58441.81436	214.512179	58441.81425	248.446856
58441.81451	357.457582	58441.81475	214.254811	58441.81463	243.09567
58441.81489	325.618453	58441.81513	244.480935	58441.81501	247.18515
58441.81528	313.209385	58441.81551	229.094722	58441.81539	278.59576
58441.81566	337.150818	58441.81589	202.213401	58441.81577	250.79857
58441.81604	364.613246	58441.81627	197.742496	58441.81616	258.379568
58441.81642	339.946433	58441.81665	202.106155	58441.81654	240.485231
58441.81681	334.991945	58441.81704	215.193477	58441.81692	249.284148
58441.81719	325.551952	58441.81742	221.262458	58441.81731	239.624024
58441.81757	317.179201	58441.8178	208.699401	58441.81768	257.106381
58441.81795	313.389373	58441.81818	191.995598	58441.81807	227.920083
58441.81833	319.165288	58441.81856	203.624535	58441.81845	242.666112
58441.81872	332.591559	58441.81895	195.130368	58441.81883	234.242083
58441.8191	329.236066	58441.81933	208.98641	58441.81921	253.435993
58441.81948	351.006489	58441.81971	214.155453	58441.8196	251.561805
58441.81986	289.607885	58441.82009	200.259053	58441.81998	230.489469
58441.82024	300.361511	58441.82048	187.278191	58441.82036	230.381187
58441.82063	305.77242	58441.82086	185.397949	58441.82074	246.45155
58441.82101	293.786726	58441.82124	184.398749	58441.82112	245.276691
58441.82139	301.05575	58441.82162	196.354162	58441.8215	248.337774
58441.82177	292.944326	58441.822	214.057209	58441.82189	234.675197
58441.82215	311.06933	58441.82238	205.158664	58441.82227	245.731122
58441.82253	300.719203	58441.82275	192.909151	58441.82264	222.247393
58441.8229	312.046043	58441.82313	182.891278	58441.82301	220.946103
58441.82327	273.224766	58441.82351	202.658917	58441.82339	220.014875
58441.82366	306.108334	58441.82389	200.707059	58441.82377	243.660572
58441.82404	301.366854	58441.82427	204.103548	58441.82415	228.98487
58441.82442	324.672639	58441.82465	221.386686	58441.82454	285.891036
58441.8248	311.633015	58441.82503	216.321399	58441.82492	262.472751
58441.82519	326.796644	58441.82542	196.354635	58441.8253	240.782367
58441.82556	309.269932	58441.82579	208.004883	58441.82567	219.141955
58441.82594	316.700471	58441.82616	218.168309	58441.82604	222.417983
58441.82631	313.02424	58441.82654	198.336457	58441.82643	240.38332
58441.82669	292.835327	58441.82692	199.907249	58441.82681	242.061955
58441.82707	322.557113	58441.82731	213.880322	58441.82719	254.776777
58441.82745	272.345415	58441.82768	230.49396	58441.82757	220.739831
58441.82783	322.287475	58441.82806	205.261989	58441.82794	242.869773
58441.82821	300.252083	58441.82844	194.684845	58441.82832	206.717281
58441.82859	304.846857	58441.82881	197.748519	58441.82869	232.036227
58441.82896	320.192975	58441.82919	204.105076	58441.82907	235.522621
58441.82934	299.525852	58441.82957	194.119065	58441.82946	237.312473
58441.82972	287.05898	58441.82995	202.437638	58441.82984	208.233231
58441.8301	308.702982	58441.83034	202.715743	58441.83022	237.011869
58441.83049	290.828702	58441.83072	202.447577	58441.8306	212.068751
58441.83087	300.841515	58441.8311	200.457581	58441.83098	252.446984
58441.83125	288.857246	58441.83148	187.71103	58441.83137	207.239187
58441.83163	284.241185	58441.83186	214.095152	58441.83175	241.567513
58441.832	297.099079	58441.83224	194.615976	58441.83212	246.101781
58441.83238	282.050656	58441.83261	188.563469	58441.8325	231.785033
58441.83962	249.63734	58441.83985	188.267279	58441.83974	192.558494
58441.84	238.910131	58441.84023	186.770268	58441.84011	216.465414
58441.84038	255.952251	58441.84061	180.915285	58441.8405	221.480165
58441.84076	278.348108	58441.84098	191.205386	58441.84087	216.2304
58441.84113	280.872858	58441.84137	182.985768	58441.84125	215.36387
58441.84152	263.960217	58441.84175	176.198731	58441.84163	215.505796
58441.8419	272.197801	58441.84213	177.842704	58441.84201	221.077354
58441.84228	255.532187	58441.84251	165.970916	58441.8424	190.150291
58441.84266	231.652123	58441.84288	181.637802	58441.84277	193.622671
58441.84303	273.989898	58441.84327	167.536983	58441.84315	210.203845
58441.84341	248.817305	58441.84365	178.547314	58441.84353	202.167185
58441.8438	272.622151	58441.84403	178.107585	58441.84391	209.301657
58441.84418	247.879774	58441.84441	193.969493	58441.84429	189.78081
58441.84456	256.695886	58441.84479	185.350381	58441.84468	215.317439
58441.84494	248.428616	58441.84517	197.915036	58441.84506	218.507263
58441.84533	266.264776	58441.84556	188.048927	58441.84544	206.217797
58441.84571	270.455748	58441.84594	191.696936	58441.84582	206.252382
58441.84609	259.777655	58441.84632	181.212443	58441.8462	202.115009
58441.84647	263.480867	58441.8467	181.460967	58441.84659	207.077139
58441.84685	257.546308	58441.84708	171.39224	58441.84697	194.944418
58441.84723	243.488863	58441.84747	180.242849	58441.84735	197.080164
58441.84761	230.779645	58441.84785	162.164436	58441.84773	194.395717
58441.848	254.984687	58441.84822	173.698165	58441.8481	193.674731
58441.84837	235.301514	58441.8486	173.28862	58441.84848	194.654679
58441.84875	261.821104	58441.84898	143.711281	58441.84887	196.728354
58441.84913	228.990368	58441.84936	159.295401	58441.84925	201.825684
58441.84952	254.007039	58441.84975	169.281778	58441.84963	194.96903
58441.8499	233.854968	58441.85013	177.670439	58441.85001	193.14296
58441.85028	257.613459	58441.85051	161.727226	58441.85039	200.604059
58441.85066	205.562678	58441.85089	153.914494	58441.85078	168.675731
58441.85104	208.631092	58441.85127	175.479279	58441.85116	168.464279
58441.85142	214.984127	58441.85166	156.451659	58441.85154	185.811179
58441.8518	199.493544	58441.85204	166.890641	58441.85192	192.105612
58441.85219	242.76604	58441.85241	169.705549	58441.85229	199.660836
58441.85256	246.464631	58441.85279	165.507948	58441.85267	194.974854
58441.85294	212.738917	58441.85317	165.601551	58441.85306	168.900343
58441.85332	200.952863	58441.85355	144.542228	58441.85344	168.404129
58441.8537	201.766839	58441.85394	154.998289	58441.85382	173.173461
58441.85408	228.883018	58441.85432	137.791478	58441.8542	194.588822
58441.85447	212.366643	58441.8547	167.348132	58441.85458	171.583238
58441.85485	237.265019	58441.85508	151.841573	58441.85497	193.312796
58441.85523	192.637911	58441.85546	152.449033	58441.85535	157.286819
58441.85561	194.903937	58441.85585	130.648542	58441.85573	151.102394
58441.85599	182.837491	58441.85623	136.038445	58441.85611	153.756849
58441.85638	199.990541	58441.8566	193.256598	58441.85648	152.905514
58441.85675	155.054818	58441.85698	166.842041	58441.85686	139.760459
58441.85713	257.298828	58441.85736	222.63625	58441.85725	199.364325
58441.85751	175.209347	58441.85774	228.531085	58441.85763	158.651209
58441.8579	187.453385	58441.85813	251.148227	58441.85801	135.071009
58441.85828	290.815302	58441.85851	233.419363	58441.85839	146.756465
58441.85866	485.169336	58441.85888	273.783753	58441.85877	145.34408
58441.85903	376.999415	58441.85926	274.690257	58441.85914	300.548695
58441.85941	534.675288	58441.85964	298.448808	58441.85953	264.335039
58441.85979	452.756059	58441.86002	254.790752	58441.85991	266.640853
58441.86017	575.693318	58441.86041	296.925033	58441.86029	292.173014
58441.86056	462.174058	58441.86079	288.785104	58441.86067	280.234636
58441.86094	586.74217	58441.86117	299.993687	58441.86105	317.898371
58441.86132	640.976362	58441.86155	315.246968	58441.86144	381.112572
58441.8617	701.674817	58441.86193	284.338497	58441.86182	348.813356
58441.86209	764.761491	58441.86232	284.039191	58441.8622	394.137191
58441.86247	748.663001	58441.8627	337.490142	58441.86258	354.101746
58441.86285	647.80147	58441.86307	322.06586	58441.86296	351.037045
58441.86322	975.239819	58441.86345	354.992102	58441.86333	413.704183
58441.8636	924.555992	58441.86383	453.937508	58441.86372	478.780655
58441.86398	860.924388	58441.86421	446.364804	58441.8641	415.784794
58441.86436	966.368914	58441.8646	344.532714	58441.86448	441.286218
58441.86475	1090.311918	58441.86498	343.945613	58441.86486	434.804847
58441.86513	3355.308655	58441.86536	372.935269	58441.86524	404.428226
58441.86551	-53280.14256	58441.86574	368.295464	58441.86563	358.06707
58441.86589	-3748.664217	58441.86612	507.260221	58441.86601	456.173372
58441.86627	4665.604558	58441.86651	355.636116	58441.86639	628.681651
58441.86666	3187.447449	58441.86689	295.703752	58441.86677	565.379434
58441.86704	45034.41819	58441.86726	363.604498	58441.86715	638.842118
58441.86741	83484.73898	58441.86764	452.341178	58441.86753	576.245221
58441.86779	6015.954493	58441.86802	327.727635	58441.86791	439.249437
58441.86817	3612.329006	58441.8684	399.408239	58441.86829	741.856636
58441.86855	-18592.82447	58441.86879	317.351749	58441.86867	560.876521
58441.86894	4926.075096	58441.86917	337.103426	58441.86905	594.238423
58441.86932	2719.834388	58441.86955	344.609423	58441.86943	476.300738
58441.8697	12469.63152	58441.86993	328.422561	58441.86982	479.521127
58441.87008	-2974.273433	58441.87031	335.100599	58441.8702	536.907052
58441.87046	4944.865245	58441.8707	306.508413	58441.87058	520.542743
58441.87085	-2713.185497	58441.87108	334.383378	58441.87096	519.569611
58441.87123	5698.592128	58441.87146	379.535103	58441.87134	707.879074
58441.87161	6945.683794	58441.87184	369.61334	58441.87173	619.633418
58441.87199	3127.297835	58441.87221	364.767577	58441.8721	481.112384
58441.87236	-8373.751348	58441.87259	331.307011	58441.87248	642.066085
58441.87274	9282.908178	58441.87298	330.360594	58441.87286	625.110561
58441.87313	-5520.637795	58441.87336	318.528899	58441.87324	799.842085
58441.87351	3098.995791	58441.87374	381.374145	58441.87362	626.218997
58441.87389	3981.629798	58441.87412	289.572398	58441.87401	673.60286
58441.87427	4672.097163	58441.8745	337.693907	58441.87439	613.378849
58441.87465	-15222.60811	58441.87489	387.647435	58441.87477	596.970765
58441.87504	2950.741676	58441.87527	297.957471	58441.87515	505.659927
58441.87542	3227.287297	58441.87564	306.197689	58441.87553	550.845848
58441.87579	15148.38294	58441.87602	325.143904	58441.8759	618.207385
58441.87617	1512.862484	58441.8764	339.802876	58441.87629	724.251113
58441.87655	-1578.870778	58441.87678	321.156236	58441.87667	519.977682
58441.87693	-9080.49644	58441.87717	278.838813	58441.87705	853.181696
58441.87732	18723.54984	58441.87755	240.653142	58441.87743	584.767037
